7.4768
7.8483
8.1966
8.5682
8.9397
9.3112
9.6595
10.0310
10.4258
10.7973
11.1224
11.5171
12.6317
13.3747
13.7462
14.0713
14.7911
15.5341
16.2540
16.6023
16.9506
17.2989
17.6472
18.0187
18.3902
18.7617
19.1332
19.4815
19.8298
20.2014
20.5729
21.2927
22.4073
22.7556
23.1271
23.4754
23.8469
24.2184
24.9615
25.3098
25.6580
26.0063
26.3779
26.7494
27.0977
27.5853
28.1890
31.1380
31.5095
31.8346
31.9971
32.1364
32.2525
32.8330
33.5064
33.9940
34.1798
34.5977
34.7835
35.4104
36.0606
36.6875
37.3145
37.6860
37.8950
38.1968
38.4987
39.4507
39.7758
40.0776
40.4027
40.6814
41.0064
41.7030
41.8424
42.0978
42.7479
43.3517
43.6767
43.9786
44.3037
44.9074
45.0467
45.1860
45.3254
45.4879
45.6040
46.6721
47.0901
47.2526
47.3687
47.5312
47.6706
47.9492
48.1117
48.2511
48.3904
48.5529
48.6922
48.8548
48.9941
49.1566
49.2960
49.4585
49.5978
49.8997
50.1783
50.4802
51.2000
51.3393
51.9430
52.8718
53.4523
53.7542
54.0561
54.3811
55.3796
56.0994
56.2387
56.5406
56.8657
57.4694
57.7480
58.3750
58.9555
59.2573
59.5824
59.9307
60.2326
60.8595
61.4632
61.7651
62.7171
63.0190
63.9478
64.2496
65.2249
65.5267
65.6660
65.8286
65.9679
66.1304
66.4091
66.5716
66.7341
66.8735
67.0360
67.1753
67.8951
68.2202
68.7078
68.8239
70.9137
71.3549
72.0051
72.6320
73.0964
73.2822
73.7234
73.9091
74.5361
75.1630
75.7899
76.4169
76.9974
77.3224
77.6011
79.1800
79.7605
80.0624
80.9680
81.2931
81.8968
82.5237
82.8256
83.1274
83.4293
83.8705
84.0098
84.1491
84.2884
84.4278
84.7064
85.4959
86.0764
86.3782
87.1213
87.2606
87.3999
87.5392
87.7018
88.4216
88.5841
88.7234
88.8395
89.0021
89.3039
89.6058
90.4185
90.5578
90.8597
91.4402
92.0439
92.6708
93.1585
93.2978
93.9015
94.5284
95.1554
95.8055
96.0610
96.2699
96.3628
96.6879
96.9665
98.2204
98.4990
99.1260
100.0548
100.1941
100.3334
100.4495
100.6353
101.2390
101.8427
102.1678
102.4697
102.7483
103.2127
103.3288
103.4913
103.6307
103.9093
104.7917
105.3722
105.6740
105.9527
106.7189
106.8582
107.0208
107.1369
107.2762
107.4387
107.6013
107.7406
108.0424
108.3443
108.6462
108.9480
109.2499
109.8072
110.1090
110.4109
110.7360
111.3629
111.6415
111.9434
112.2220
112.5239
112.8258
113.8242
114.4047
114.5440
115.3103
115.7515
116.2159
117.1215
117.4233
117.7484
118.0735
118.4218
118.7004
119.0255
119.6060
120.2329
120.5580
121.1617
121.4636
121.6261
121.7654
122.0905
122.3692
122.6942
123.0425
123.6463
123.9481
124.1107
124.3893
124.5518
124.8537
125.1788
125.6200
125.7361
126.3862
126.7113
127.2918
129.3119
129.9389
130.5426
130.7283
130.8909
131.0070
131.1695
131.3553
131.4946
131.7965
132.1448
132.4466
132.7717
133.0736
133.7005
134.0488
134.3274
134.9312
135.1401
135.4188
135.5581
135.9993
136.1618
136.4637
136.7888
136.9513
137.0906
137.3925
137.7176
138.0659
138.3909
138.7160
139.3429
139.7841
139.9234
140.3878
140.5272
140.7129
140.8522
140.9916
141.1541
141.4560
141.7810
142.4312
142.5937
142.7331
143.0349
143.3600
143.4993
143.6619
143.8244
143.9869
144.2656
144.8925
145.3337
145.4730
145.6588
145.8213
145.9606
146.1000
146.7501
147.0520
147.3771
147.6789
148.3523
148.6309
148.9560
149.2346
149.5597
149.8384
149.9777
150.2795
150.4189
150.5814
150.8833
151.0226
151.1851
151.3244
151.6495
151.9746
152.2532
152.5783
152.8802
153.0659
153.2053
153.4839
154.1108
154.7146
154.8771
155.3415
155.4808
155.6434
156.1078
156.2239
156.5025
157.3849
158.0118
158.3369
158.9406
159.5443
160.0087
160.1480
160.3106
160.4499
160.6124
161.0536
161.3555
161.6805
162.0056
162.3075
162.6326
162.9344
163.2363
163.8632
164.4669
164.9081
165.0474
165.2100
165.3493
165.4886
165.6279
166.2549
166.8818
167.1837
167.5088
168.1589
168.6465
168.7626
169.3896
169.5521
170.7828
170.9221
171.8277
172.7797
173.0815
173.6853
174.0103
174.3122
174.4515
174.6141
174.9159
175.5196
175.8215
176.1234
176.4252
176.7039
177.0289
177.3540
177.9810
178.4686
179.2348
179.3974
179.6992
179.8385
180.0011
180.4190
180.6280
180.7441
181.0692
181.6961
182.0212
182.6482
182.9732
183.2751
184.2039
184.6451
185.4810
185.9686
186.4098
186.7117
186.8742
187.0135
187.2922
187.9655
188.2906
189.2194
189.3587
189.5213
189.6606
190.4268
190.6126
190.7519
191.0770
191.3789
192.0058
192.9810
193.2829
193.4687
194.2117
194.3975
194.5600
195.4424
195.7674
196.0693
196.3712
196.6498
196.9749
197.2767
197.5786
197.8805
198.3449
199.0647
199.9935
200.2721
200.4579
200.5972
200.8758
201.2009
201.5028
201.8046
202.1297
202.4083
202.7334
202.8960
203.1978
203.6390
203.9409
204.0802
204.3820
204.8232
205.2876
205.5895
205.7752
206.1932
206.4951
206.6576
206.7969
206.9362
207.0988
207.7257
208.4455
209.0493
209.2350
209.6298
209.7923
211.0462
211.3480
211.6499
212.6019
212.9038
213.2056
213.3217
213.7861
214.1344
214.8310
215.1329
215.4580
215.6205
215.8759
216.0152
216.6190
217.0601
217.5013
218.1283
218.2676
218.4301
218.7088
218.9874
219.3125
219.9394
220.2645
220.8450
221.4487
222.0989
222.2614
222.4007
222.6794
223.4688
223.9332
224.6995
224.8853
225.1639
225.3264
225.4658
225.6283
226.0463
226.2320
226.3946
226.5339
226.8357
226.9751
227.2769
227.5788
227.8806
228.4844
229.0649
230.0865
231.4797
233.0122
234.2893
234.5912
234.7305
234.8931
235.4736
235.7522
236.0541
236.1702
236.6578
237.4473
237.5634
237.7027
237.8652
238.1671
238.4457
238.7476
239.0727
239.6532
239.9318
240.2569
240.3962
241.4643
242.3931
242.5324
242.9968
243.9488
244.2739
244.4132
244.5526
244.7151
244.8776
245.1563
245.3420
245.6207
245.7832
246.0619
247.0139
247.6408
249.3127
249.6377
249.9860
251.0077
251.7043
252.0526
252.4009
252.7492
253.1207
253.4690
253.7941
254.4210
254.5836
254.7461
255.0944
255.4427
255.7910
256.5108
257.2074
257.5093
257.8576
258.1827
258.5310
258.8793
259.2508
259.5759
259.9706
260.3421
260.6672
261.0387
261.3870
262.1068
263.1982
263.5465
263.8948
264.2663
264.9629
265.6363
265.8220
265.9614
266.3329
266.6812
267.0295
267.7493
268.1208
268.4691
268.8406
269.1889
269.9320
270.3267
270.7679
271.4413